18
14
31
28
33
17
17
90
19
32
24
33
90
41
20
75
84
123
25
37
28
63
22
107
12
18
9
33
19
23
12
13
25
57
28
59
44
68
176
82
12
17
145
20
49
81
133
155
141
81
73
26
157
111
113
43
33
40
29
48
42
13
120
47
77
32
31
57
70
13
29
43
55
88
62
189
28
38
31
93
71
82
101
13
25
60
48
66
67
195
51
63
52
62
126
45
45
21
118
2
18
1
3
3
3
7
47
10
70
131
18
15
56
20
94
32
24
20
16
14
63
25
12
35
30
43
69
30
37
44
83
44
152
106
67
57
68
129
117
46
268
31
95
45
155
71
140
69
12
29
39
71
62
39
10
29
19
18
67
36
48
20
27
21
41
21
25
52
22
24
21
16
111
84
156
61
73
35
33
21
15
25
179
73
62
41
60
89
99
317
89
27
215
71
58
38
121
53
111
380
9
20
107
175
81
104
61
37
120
43
19
32
12
18
49
138
23
22
39
20
52
24
23
35
35
88
17
27
67
19
13
49
31
14
41
30
43
92
20
77
39
161
27
41
158
251
108
132
57
27
120
65
77
87
235
66
81
50
46
74
29
41
43
23
51
70
149
103
128
48
153
82
80
139
49
53
53
56
15
47
63
154
57
212
126
69
68
21
28
23
104
27
116
36
93
156
52
86
85
87
102
42
72
136
31
38
8
19
16
45
39
20
82
92
47
190
8
64
40
50
74
37
52
101
63
52
68
35
116
142
167
22
68
60
24
35
107
94
70
90
64
43
84
16
105
174
84
87
63
47
99
133
35
314
134
87
30
55
105
93
44
30
28
105
62
54
358
69
2
5
2
2
32
27
21
18
77
21
20
22
10
23
15
23
19
32
64
61
179
42
36
75
293
218
16
100
38
188
136
234
228
155
66
60
95
123
79
212
50
56
2
116
83
53
122
161
138
82
193
324
76
196
129
185
46
50
51
120
94
112
87
201
105
435
107
126
263
40
104
159
115
77
166
7
61
132
69
75
89
63
37
119
55
184
195
157
152
66
87
141
129
120
38
41
76
101
236
54
43
56
36
41
63
215
237
60
65
317
46
26
67
44
38
125
107
47
104
99
16
33
36
343
67
45
189
45
26
65
110
108
113
48
20
165
51
31
22
43
9
67
104
62
218
28
221
59
57
86
81
58
44
55
115
75
56
248
194
136
27
55
153
111
109
138
103
224
286
221
54
99
36
148
32
347
37
23
16
15
54
38
20
32
24
16
17
11
69
29
112
128
56
87
21
14
91
23
84
123
100
29
35
24
19
110
63
32
122
34
39
85
63
60
149
21
31
43
32
46
76
42
26
26
15
68
17
13
38
63
16
32
21
50
48
113
92
61
26
57
47
121
97
258
180
48
65
19
61
37
100
90
46
27
59
93
56
65
109
90
243
8
25
44
66
73
72
54
78
61
51
156
66
92
59
272
44
82
55
127
90
59
181
230
172
44
139
45
104
67
95
66
53
126
265
235
94
256
161
161
779
78
151
185
158
139
139
189
134
57
11
24
78
52
133
114
192
91
119
46
20
181
80
72
254
197
85
71
58
266
144
34
85
127
160
136
129
158
92
23
142
159
203
51
53
20
98
15
5
108
31
76
24
102
78
32
31
95
536
126
197
244
73
109
106
50
150
79
108
71
56
89
61
57
113
106
48
293
43
100
41
103
48
117
199
138
280
70
118
696
92
224
308
107
80
118
37
87
94
153
85
56
119
227
407
167
56
198
78
106
118
156
77
103
157
51
557
189
127
91
39
69
72
100
67
33
153
89
92
132
500
34
61
43
82
48
25
197
141
81
83
92
61
244
84
56
111
133
132
77
174
63
90
367
287
52
80
48
54
91
159
24
58
31
77
133
7
215
341
136
241
110
347
140
57
323
57
24
80
44
129
72
65
59
35
38
31
94
23
24
27
19
19
38
58
21
15
28
19
18
18
18
45
20
25
22
20
92
38
81
20
33
58
15
20
15
18
19
39
17
26
34
57
18
5
10
34
25
15
15
42
19
14
15
45
17
15
53
13
17
15
24
22
15
46
53
22
26
20
18
13
15
17
37
15
15
14
41
29
17
21
9
11
16
12
21
14
13
18
9
22
19
23
22
23
21
20
24
19
48
23
15
18
16
31
25
27
15
32
13
19
18
19
18
17
23
22
16
21
20
25
12
13
11
14
17
14
19
23
14
17
14
13
11
7
16
17
11
15
32
11
15
22
26
34
20
19
27
19
10
17
22
14
14
22
24
24
35
16
13
28
20
38
14
17
27
16
7
18
34
14
18
19
14
17
33
17
14
27
17
36
14
13
7
16
17
14
8
29
28
21
21
60
17
20
26
14
20
28
12
8
17
14
24
33
21
19
10
18
17
13
10
16
17
28
36
28
11
34
13
20
20
26
11
15
20
24
15
25
11